15922
15923
15925
15926
15927
15928
15929
15930
15931
15932
15933
15934
15935
15936
15937
15938
15939
15940
15941
15942
18002
18003
18004
18005
18006
18007
18008
18119
18120
18121
18122
18123
18124
18125
18126
18127
18128
18129
18130
18131
18132
18133
18134
18135
18136
18137
18138
18139
18140
18141
18142
18143
18144
18145
18146
18147
18148
18149
18150
18151
18152
18153
18154
18155
18156
18157
18158
18159
18160
18161
18162
18163
18164
18165
18166
18167
18168
18169
18170
18171
18172
18173
18174
18175
18176
18177
18178
18179
18180
18181
18182
18183
18184
18185
18186
18187
18188
18189
18190
18191
18192
18193
18194
18195
18196
18197
18198
18199
18200
18201
18202
18203
18204
18205
18206
18207
18208
18209
18210
18211
18212
18213
18214
18215
18216
18217
18218
18219
18220
18221
18222
18223
18224
18225
18226
18227
18228
18229
18230
18231
18232
18233
18234
18235
18236
18237
18238
18239
18240
18241
18242
18243
18244
18245
18246
18247
18248
18249
18250
18251
18252
18253
18254
18255
18256
18257
18258
18259
18260
18261
18262
18263
18264
18265
18266
18267
18268
18269
18270
18271
18272
18273
18274
18275
18276
18277
18278
18279
18280
18281
18282
18283
18284
18285
18286
18287
18288
18289
18290
18291
18292
18293
18294
18295
18296
18297
18298
18343
18378
18379
18380
18381
18382
18383
18384
18385
18386
18387
18388
18389
18390
18391
18392
18393
18394
18395
18396
18397
18398
18399
18400
18401
18402
18403
18404
18405
18406
18407
18408
18409
18410
18411
18412
18413
18414
18415
18416
18417
18418
18419
18420
18427
18428
18429
18430
18431
18432
18433
18434
18435
18436
18437
18438
18441
18442
18443
18444
18445
18446
18447
18448
18449
18450
18451
18452
18453
18454
18455
18456
18457
18458
18459
18460
18461
18463
18464
18465
18466
18467
18468
18469
18470
18471
18472
18473
18474
18475
18476
18478
18479
18480
18481
18483
18485
18486
18487
18488
18489
18490
18491
18492
18493
18494
18495
18496
18497
18498
18499
18500
18501
18502
18503
18504
18505
18506
18507
18508
18509
18510
18511
18512
18513
18514
18515
18516
18517
18518
18519
18520
18521
18522
18523
18524
18525
18526
18527
18528
18529
18530
18531
18532
18533
18607
18608
18609
18610
18611
18612
18613
18614
18615
18616
18622
18623
18624
18625
18626
18627
18628
18629
18630
18631
18632
18635
18636
18637
18638
18639
18640
18641
18642
18643
18644
18645
18646
18647
18648
18649
18650
18651
18652
18653
18654
18655
18656
18657
18658
18659
18693
18694
18695
18696
18697
18698
18699
18700
18701
18702
18703
18704
18705
18706
18707
18708
18709
18710
18711
18712
18713
18714
18715
18716
18717
18718
18719
18720
18721
18722
18723
18724
18725
18726
18727
18728
18729
18730
18731
18732
18733
18734
18735
18736
18737
18738
18739
18740
18741
18742
18743
18744
18745
18746
18747
18748
18749
18750
18751
18752
18753
18754
18755
18756
18757
18758
18759
18760
18761
18762
18763
18764
18765
18766
18767
18768
18769
18770
18771
18772
18773
18774
18775
18776
18777
18778
18780
18783
18784
18785
18786
18787
18788
18789
18790
18791
18792
18817
18818
18819
18820
18821
18822
18823
18838
19294
19400
19405
19406
19407
19408
19409
19410
19491
19493
19494
19495
19496
19497
19520
19521
19548
19549
19550
19551
19675
19676
19689
19733
19734
19735
20008
20009
20010
20011
20014
20017
20018
20019
20021
20023
20024
20027
20030
20032
20036
20037
20043
20044
20050
20065
20068
20070
20072
20080
20087
20088
20134
20146
20147
20153
20190
20194
20204
20224
20236
20237
20238
20239
20240
20241
20242
20243
20244
20245
20246
20249
20250
20251
20254
20265
20266
20291
20292
20305
20307
20311
20312
20313
20316
20317
20318
20319
20320
20322
20323
20324
20327
20333
20336
20356
20357
20359
20360
20363
20364
20365
20370
20403
20412
20426
20428
20446
20447
20448
20460
20466
20469
20470
20471
20472
20473
20474
20475
20476
20477
20478
20479
20480
20494
20502
20508
20509
20528
20531
20533
20535
20538
20548
20552
20586
20587
20588
20600
20601
20602
20680
20681
20682
20683
20767
20768
20769
20770
20775
20777
20778
20779
20781
20784
20785
20832
20833
20834
20835
20836
20837
20838
20839
20840
20841
20842
20843
20844
20845
20846
20847
20861
20862
20919
20920
20921
20924
20925
20926
20927
20986
20987
20988
21012
21013
21014
21015
21016
21017
21018
21019
21020
21021
21022
21093
21094
21096
21097
21098
21099
21100
21101
21102
21103
21104
21110
21111
21112
21113
21115
21116
21117
21118
21119
21120
21121
21122
21123
21124
21127
21128
21129
21130
21131
21212
21216
21220
21232
21233
21234
21235
21257
21258
21259
21260
21261
21262
21263
21264
21548
21549
21550
21551
21552
21553
21554
21555
21556
21557
21559
21561
21562
21563
21564
21565
21566
21567
21568
21571
21572
21573
21574
21575
21576
21577
21579
21581
21583
21584
21585
21587
21588
21589
21590
21591
21592
21593
21594
21595
21596
21597
21598
21599
21600
21601
21602
21603
21604
21605
21606
21607
21608
21609
21610
21611
21612
21613
21614
21615
21616
21617
21618
21619
21620
21621
21622
21623
21624
21625
21626
21627
21628
21629
21630
21631
21632
21633
21634
21635
21636
21637
21639
21640
21642
21643
21644
21645
21646
21647
21648
21649
21650
21651
22001
22002
22099
22100
22101
22102
22103
22104
22122
22123
22124
22125
22126
22127
22128
22129
22130
22131
22132
22133
22134
22135
22136
22137
22138
22139
22141
22142
22143
22144
22145
22146
22147
22536
22537
22538
22539
22540
22541
22542
22543
22544
22545
22546
22547
22548
22549
22550
22551
22552
22593
22596
22597
22616
22678
22679
22682
22683
22684
22685
22686
22687
22688
22708
22709
22710
22711
22712
22713
22714
22715
22716
22717
22718
22719
22720
22721
22722
22723
22724
22725
22726
22727
22728
22729
22730
22731
22732
22733
22734
22735
22736
22737
22738
22739
22740
22741
22864
22865
22866
22867
22868
22869
22870
22871
22872
22873
22874
22875
22876
22877
22878
22879
22880
22881
22882
22883
22884
22885
22886
22887
22888
22889
22890
22891
22892
22893
22894
22895
22896
22897
22898
22899
22900
22901
22902
22903
22904
22905
22906
22907
22908
22909
22910
22965
22966
22967
22968
22969
22970
22979
22980
22981
22983
22985
23033
23034
23035
23036
23037
23041
23076
23077
23078
23079
23080
23081
23082
23083
23084
23085
23124
23125
23277
23278
23279
23280
23281
23282
23283
23284
23285
23286
23287
23288
23289
23290
23291
23292
23293
23294
23295
23296
23297
23298
23299
23300
23311
23312
23313
23351
23352
23353
23488
23489
23490
23493
23496
23497
23498
23499
23504
23798
23799
23800
23816
23817
24131
24132
24133
24134
24135
24136
24137
24138
24218
24219
24220
24221
25339
25340
25341
25342
25343
25344
25345
25346
25347
25348
25349
25350
25351
25616
25617
25618
25619
25620
25621
25622
25690
25691
25692
25693
25694
25695
25718
25719
25720
25721
25722
25723
25724
25730
25731
25733
25734
25735
25736
25737
25738
25739
25740
25741
25742
25743
25744
25745
25746
25747
25748
25749
25750
25751
25752
25753
25754
25755
25756
25757
25758
25759
25779
25780
25781
25782
25786
25787
25788
25789
25790
25791
25792
25793
25794
25795
25802
25803
25804
25805
25806
25807
25808
25809
25810
25811
25812
25813
25814
25815
25816
25817
25818
25819
25820
25821
25822
25823
25824
25825
25826
25837
25838
25839
25840
25841
25842
25843
25844
25845
25846
25867
25868
25869
25872
25873
25874
25894
26249
26250
26251
26252
26253
26254
26255
26256
26257
26258
26259
26260
26261
26262
26263
26264
26265
26266
26267
26268
26269
26270
26271
26317
26318
26319
26320
26361
26362
26363
26364
26365
26366
26367
26368
26369
26370
26371
27165
27166
27167
27168
27169
27170
27171
27172
27338
27339
27340
27353
27354
27355
27356
27357
27358
27359
27360
27361
27362
27363
27364
27365
27366
27367
27368
27369
27370
27380
27381
27382
27383
27392
27393
27451
27452
27453
27459
27460
27461
27470
27471
27472
27473
27474
27475
27476
27477
27478
27479
27480
27481
27482
27493
27494
27495
27496
27497
27498
27499
27500
27501
27502
27503
27504
27505
27506
27508
27509
27510
27511
27512
27513
27514
27515
27516
27517
29129
29130
29131
29132
29133
29134
29135
29136
29137
29138
29139
29140
29141
29142
29143
29144
29145
29146
29147
29148
29149
30549
30550
30551
30552
30586
30588
30589
30734
30739
30740
30741
30928
30962
30963
30964
30965
30966
30967
30968
30972
30977
30978
30979
30980
30982
30983
30984
30985
30986
30987
30988
30989
31370
31371
31372
31373
31374
31375
31376
31377
31378
31379
31380
31381
31382
31383
31638
31639
31640
31641
31642
31643
31644
31645
31646
31647
31648
31649
31650
31651
31652
31653
31654
31655
31656
31657
31658
31659
31660
31661
31662
31663
31664
31665
31707
31708
31709
31710
31711
31712
31751
31752
31921
31922
31923
31924
31925
31926
31927
31928
31929
31930
31931
31932
31933
31934
31935
31936
31937
31938
31939
31940
31941
31942
31943
31944
32029
32030
32031
32651
32923
32924
32925
32926
32927
32928
32929
32930
32931
32932
32933
32934
32935
32936
32937
32938
32950
33015
33094
33095
33096
33141
33847
33848
33849
33850
33851
33852
33853
33858
33859
33860
33861
33862
33863
33864
33865
33866
33867
33868
33869
33875
33876
